
20min sample

RCDBA1: 8.419999999999998+/-0.013789340891508269
RBCDA1: 3.982+/-0.007049410913134672
d1: 3.0399999999999997e-05
Rs1: 25.85675202031279+/-0.03228814958071814
rho1: 0.0007860452614175087+/-9.815597472538313e-07
RBDAC+1: 0.0092+/-0.002828462489685086
RBDAC-1: -0.011699999999999999+/-0.002828495997875903
mu1: 10.92296635751298+/-2.0906389429301004
n1: 7.198356191162195e+20+/-1.3777249688412599e+20

10min sample

RCDBA2: 298.4+/-0.4750170733773681
RBCDA2: 193.20000000000002+/-0.30883652633715486
1.5445134575569355
d2: 1.5199999999999998e-05
Rs2: 1080.6324991752904+/-1.2454692821232018
rho2: 0.01642561398746441+/-1.8931133088272667e-05
RBDAC+2: 0.15600000000000003+/-0.0028462886165828106
RBDAC-2: -0.007800000000000001+/-0.002828505861561699
mu2: 2.048349938765314+/-0.050249303026582016
n2: 1.8369431550096438e+20+/-4.5013395131878666e+18
